Registry Registrant ID,
Registrant Name,Holberton Inc
Registrant Organization,Holberton Inc
Registrant Street,5670 Wilshire Blvd suite 1802
Registrant City,Los Angeles
Registrant State/Province,
Registrant Postal Code,90036
Registrant Country,US
Registrant Phone,+1.4156227634
Registrant Phone Ext,
Registrant Fax,
Registrant Fax Ext,
Registrant Email,7da97d10931ddb501d08b8f88c7384bc-37846707@contact.gandi.net
Registry Admin ID,
Admin Name,Holberton Inc
Admin Organization,Holberton Inc
Admin Street,5670 Wilshire Blvd Suite 1802
Admin City,Los Angeles
Admin State/Province,California
Admin Postal Code,90036
Admin Country,US
Admin Phone,+1.4153580819
Admin Phone Ext,
Admin Fax,
Admin Fax Ext,
Admin Email,624a82de74a4fa2b64fb39bbe08b290d-37876671@contact.gandi.net
Registry Tech ID,
Tech Name,Holberton Inc
Tech Organization,Holberton Inc
Tech Street,5670 Wilshire Blvd Suite 1802
Tech City,Los Angeles
Tech State/Province,California
Tech Postal Code,90036
Tech Country,US
Tech Phone,+1.4153580819
Tech Phone Ext,
Tech Fax,
Tech Fax Ext,
Tech Email,2c420b43d982c37b7621f2015f3e107b-37876677@contact.gandi.net
